24
Bbelcheri.XP_019634446.1                                   0.0000000 8.9999984 8.3170040 8.9999988 8.9999984 8.9999987 8.9999989 8.9999984 8.9999989 8.9999985 8.9999988 8.9999984 8.9999985 8.9999989 8.9999986 8.9999983 8.9999987 8.9999988 8.9999987 8.9999984 8.9999983 8.9999989 8.9999983 8.9999982 
Nvectensis.XP_032223018.1                                  8.9999984 0.0000000 8.9999989 8.9999981 8.9999982 8.9999983 8.9999987 8.9999988 8.9999984 8.9999989 8.9999984 8.9999985 8.9999990 8.0797826 8.8327436 8.9999987 8.9999983 8.9999981 8.9999980 8.9999980 8.9999984 8.9999986 8.9999989 8.9999987 
Myessoensis.XP_021354724.1                                 8.3170040 8.9999989 0.0000000 8.9999989 8.9999981 8.9999984 8.9999986 8.9999986 8.9999985 8.9999989 8.9999986 8.9999988 8.5933465 7.3946980 8.8214873 8.9999987 8.9999985 8.9999985 8.9999980 8.9999989 8.9999985 8.9999989 8.9999989 8.9999990 
Bbelcheri.XP_019642505.1                                   8.9999988 8.9999981 8.9999989 0.0000000 7.3556838 7.3281724 8.4591966 6.8359569 8.1385543 8.9999987 8.9999987 8.7585771 8.9999990 6.5345881 8.7568990 8.9999987 8.9999987 8.9999980 8.9999989 8.9999985 8.9999980 8.9805418 8.9999982 8.9999983 
Myessoensis.XP_021343977.1                                 8.9999984 8.9999982 8.9999981 7.3556838 0.0000000 7.5032864 6.9480333 7.0851604 8.4102997 8.3235457 8.9999984 7.3012712 8.9999981 8.8289897 8.9999988 7.9381316 8.1657734 7.5542870 8.2849942 8.9999984 7.3158246 8.3497058 8.9999987 8.9999981 
Myessoensis.XP_021349705.1                                 8.9999987 8.9999983 8.9999984 7.3281724 7.5032864 0.0000000 6.2740355 5.2080361 8.9999990 7.2482843 8.9999986 8.9999990 8.9999981 8.1777913 8.9999986 8.9999988 8.9999984 8.9999985 8.9999982 8.9999989 8.9999986 8.2352306 8.9999983 8.9999988 
Aplanci.XP_022096965.1                                     8.9999989 8.9999987 8.9999986 8.4591966 6.9480333 6.2740355 0.0000000 5.7767443 8.2289282 8.9999983 8.9999985 6.7499098 7.3397622 8.1938508 8.9999985 8.7076367 8.9999989 7.7172341 8.9999987 8.9999982 8.9999985 6.9574022 8.9999982 8.9999988 
Myessoensis.XP_021379683.1                                 8.9999984 8.9999988 8.9999986 6.8359569 7.0851604 5.2080361 5.7767443 0.0000000 7.7220614 8.9999984 8.9999984 6.5273353 7.8739241 6.2868491 7.1366578 8.6149397 7.7474080 8.9999980 8.9999987 8.9999989 7.4125359 7.9833474 8.9649065 8.9999990 
Myessoensis.XP_021373998.1                                 8.9999989 8.9999984 8.9999985 8.1385543 8.4102997 8.9999990 8.2289282 7.7220614 0.0000000 8.9999983 8.9999988 7.7475176 8.9314196 7.1231517 8.1280374 8.1478933 8.4505670 7.6443236 8.9999990 8.6943839 8.9999988 7.2366019 8.9999987 8.9999983 
Dgigantea.XP_028401211.1                                   8.9999985 8.9999989 8.9999989 8.9999987 8.3235457 7.2482843 8.9999983 8.9999984 8.9999983 0.0000000 8.9999985 8.9999983 7.7950028 6.0204111 5.9017006 8.8310433 8.9999984 8.4828679 7.8336362 8.4944435 8.1759348 8.9999983 8.9999984 8.9999981 
Hvulgaris.XP_012556167.1                                   8.9999988 8.9999984 8.9999986 8.9999987 8.9999984 8.9999986 8.9999985 8.9999984 8.9999988 8.9999985 0.0000000 8.9999982 6.3231811 8.9999989 8.9999990 8.9999983 8.9999985 8.9999984 8.9999982 8.9999985 8.9999984 8.9999982 8.9999983 8.9999987 
Aplanci.XP_022093088.1                                     8.9999984 8.9999985 8.9999988 8.7585771 7.3012712 8.9999990 6.7499098 6.5273353 7.7475176 8.9999983 8.9999982 0.0000000 6.8128371 8.0306313 8.4098900 8.9999988 8.9293632 8.9589548 8.9098060 7.5499758 8.9999982 7.4812272 8.8686918 8.9999980 
Hvulgaris.XP_002167159.1                                   8.9999985 8.9999990 8.5933465 8.9999990 8.9999981 8.9999981 7.3397622 7.8739241 8.9314196 7.7950028 6.3231811 6.8128371 0.0000000 6.5519473 6.1018380 6.7500472 6.7730896 6.0442996 6.8049643 7.2446940 6.9528867 6.0527762 8.8027701 7.0808426 
Nvectensis.XP_032219950.1                                  8.9999989 8.0797826 7.3946980 6.5345881 8.8289897 8.1777913 8.1938508 6.2868491 7.1231517 6.0204111 8.9999989 8.0306313 6.5519473 0.0000000 0.1039071 5.5060573 4.8034873 5.3996122 4.9212667 6.3818297 4.7141811 5.3592069 5.7637550 6.5516176 
Nvectensis.XP_032238384.1                                  8.9999986 8.8327436 8.8214873 8.7568990 8.9999988 8.9999986 8.9999985 7.1366578 8.1280374 5.9017006 8.9999990 8.4098900 6.1018380 0.1039071 0.0000000 7.3693896 6.6152771 6.5408871 6.7746750 7.4062818 6.5185238 5.6870340 7.2030361 7.6851264 
Hsapiens.NP_001343.2_D_site-binding_protein                8.9999983 8.9999987 8.9999987 8.9999987 7.9381316 8.9999988 8.7076367 8.6149397 8.1478933 8.8310433 8.9999983 8.9999988 6.7500472 5.5060573 7.3693896 0.0000000 2.5636805 3.0194962 4.2415105 4.0906956 4.2842023 4.5516495 7.2130371 8.9999982 
Hsapiens.NP_002117.1_hepatic_leukemia_factor_isoform_1     8.9999987 8.9999983 8.9999985 8.9999987 8.1657734 8.9999984 8.9999989 7.7474080 8.4505670 8.9999984 8.9999985 8.9293632 6.7730896 4.8034873 6.6152771 2.5636805 0.0000000 1.7164298 3.0274318 3.6005162 2.7781725 2.9973341 7.0328222 8.0869540 
Hsapiens.NP_003207.1_thyrotroph_embryonic_factor_isoform_1 8.9999988 8.9999981 8.9999985 8.9999980 7.5542870 8.9999985 7.7172341 8.9999980 7.6443236 8.4828679 8.9999984 8.9589548 6.0442996 5.3996122 6.5408871 3.0194962 1.7164298 0.0000000 3.5450265 3.5373174 3.2840533 2.8788393 7.2431135 7.8770864 
Myessoensis.XP_021364925.1                                 8.9999987 8.9999980 8.9999980 8.9999989 8.2849942 8.9999982 8.9999987 8.9999987 8.9999990 7.8336362 8.9999982 8.9098060 6.8049643 4.9212667 6.7746750 4.2415105 3.0274318 3.5450265 0.0000000 3.5390173 2.7649950 2.8529805 7.1291369 8.4904786 
Bbelcheri.XP_019614533.1                                   8.9999984 8.9999980 8.9999989 8.9999985 8.9999984 8.9999989 8.9999982 8.9999989 8.6943839 8.4944435 8.9999985 7.5499758 7.2446940 6.3818297 7.4062818 4.0906956 3.6005162 3.5373174 3.5390173 0.0000000 2.8455527 2.8910844 7.5033583 8.9999988 
Bbelcheri.XP_019621754.1                                   8.9999983 8.9999984 8.9999985 8.9999980 7.3158246 8.9999986 8.9999985 7.4125359 8.9999988 8.1759348 8.9999984 8.9999982 6.9528867 4.7141811 6.5185238 4.2842023 2.7781725 3.2840533 2.7649950 2.8455527 0.0000000 2.4070028 7.4649051 8.6018767 
Aplanci.XP_022103079.1                                     8.9999989 8.9999986 8.9999989 8.9805418 8.3497058 8.2352306 6.9574022 7.9833474 7.2366019 8.9999983 8.9999982 7.4812272 6.0527762 5.3592069 5.6870340 4.5516495 2.9973341 2.8788393 2.8529805 2.8910844 2.4070028 0.0000000 7.6453385 7.9508410 
Dgigantea.XP_028401709.1                                   8.9999983 8.9999989 8.9999989 8.9999982 8.9999987 8.9999983 8.9999982 8.9649065 8.9999987 8.9999984 8.9999983 8.8686918 8.8027701 5.7637550 7.2030361 7.2130371 7.0328222 7.2431135 7.1291369 7.5033583 7.4649051 7.6453385 0.0000000 6.6924400 
Nvectensis.XP_032223208.1                                  8.9999982 8.9999987 8.9999990 8.9999983 8.9999981 8.9999988 8.9999988 8.9999990 8.9999983 8.9999981 8.9999987 8.9999980 7.0808426 6.5516176 7.6851264 8.9999982 8.0869540 7.8770864 8.4904786 8.9999988 8.6018767 7.9508410 6.6924400 0.0000000 
