24
Bbelcheri.XP_019634446.1                                   0.0000000 8.9999987 8.8649971 8.9999989 8.9999986 8.9999988 8.9999984 8.9999987 8.9999988 8.9999981 8.9999988 8.9999986 8.9999988 8.9999982 8.9999983 8.9999988 8.9999989 8.9999981 8.9999988 8.9999980 8.9999988 8.9999989 8.9999989 8.9999988 
Nvectensis.XP_032223018.1                                  8.9999987 0.0000000 8.9999990 8.9999986 8.9999985 8.9999987 8.9999990 8.9999980 8.9999990 8.9999985 8.9999986 8.9999987 8.9999986 8.6145277 8.9999981 8.9999985 8.9999990 8.9999984 8.9999982 8.9999982 8.9999986 8.9999990 8.9999989 8.9999986 
Myessoensis.XP_021354724.1                                 8.8649971 8.9999990 0.0000000 8.9999984 8.9999984 8.9999989 8.9999988 8.9999989 8.9999987 8.9999983 8.9999982 8.9999980 8.9999981 7.8900987 8.9999983 8.9999984 8.9999987 8.9999988 8.9999984 8.9999989 8.9999987 8.9999984 8.9999989 8.9999985 
Bbelcheri.XP_019642505.1                                   8.9999989 8.9999986 8.9999984 0.0000000 7.8397829 7.8108483 8.9999987 7.2798284 8.6849854 8.9999990 8.9999985 8.9999987 8.9999986 6.9652475 8.9999985 8.9999989 8.9999982 8.9999983 8.9999985 8.9999986 8.9999982 8.9999984 8.9999984 8.9999981 
Myessoensis.XP_021343977.1                                 8.9999986 8.9999985 8.9999984 7.8397829 0.0000000 7.9932046 7.4009734 7.5458277 8.9840637 8.8745148 8.9999990 7.7750645 8.9999990 8.9999982 8.9999983 8.4641983 8.7123717 8.0537643 8.8341614 8.9999983 7.7968967 8.9055253 8.9999982 8.9999981 
Myessoensis.XP_021349705.1                                 8.9999988 8.9999987 8.9999989 7.8108483 7.9932046 0.0000000 6.6715344 5.5348909 8.9999986 7.7255364 8.9999982 8.9999986 8.9999983 8.7349553 8.9999987 8.9999981 8.9999982 8.9999986 8.9999984 8.9999988 8.9999981 8.7895037 8.9999985 8.9999990 
Aplanci.XP_022096965.1                                     8.9999984 8.9999990 8.9999988 8.9999987 7.4009734 6.6715344 0.0000000 6.1522446 8.7899201 8.9999985 8.9999987 7.1939966 7.8158884 8.7497555 8.9999988 8.9999987 8.9999989 8.2268721 8.9999982 8.9999989 8.9999982 7.4036120 8.9999984 8.9999989 
Myessoensis.XP_021379683.1                                 8.9999987 8.9999980 8.9999989 7.2798284 7.5458277 5.5348909 6.1522446 0.0000000 8.2340958 8.9999983 8.9999984 6.9498042 8.3945055 6.6939350 7.6041852 8.9999989 8.2538921 8.9999982 8.9999990 8.9999984 7.8995009 8.5185752 8.9999983 8.9999986 
Myessoensis.XP_021373998.1                                 8.9999988 8.9999990 8.9999987 8.6849854 8.9840637 8.9999986 8.7899201 8.2340958 0.0000000 8.9999988 8.9999986 8.2578594 8.9999984 7.5903029 8.6746703 8.6944818 8.9999989 8.1590544 8.9999981 8.9999982 8.9999982 7.7171325 8.9999984 8.9999981 
Dgigantea.XP_028401211.1                                   8.9999981 8.9999985 8.9999983 8.9999990 8.8745148 7.7255364 8.9999985 8.9999983 8.9999988 0.0000000 8.9999988 8.9999989 8.3048454 6.4086450 6.2766676 8.9999986 8.9999985 8.9999989 8.3542710 8.9999985 8.7264088 8.9999982 8.9999983 8.9999984 
Hvulgaris.XP_012556167.1                                   8.9999988 8.9999986 8.9999982 8.9999985 8.9999990 8.9999982 8.9999987 8.9999984 8.9999986 8.9999988 0.0000000 8.9999982 6.7283805 8.9999982 8.9999986 8.9999987 8.9999988 8.9999986 8.9999987 8.9999988 8.9999987 8.9999983 8.9999980 8.9999989 
Aplanci.XP_022093088.1                                     8.9999986 8.9999987 8.9999980 8.9999987 7.7750645 8.9999986 7.1939966 6.9498042 8.2578594 8.9999989 8.9999982 0.0000000 7.2549477 8.5634904 8.9750416 8.9999990 8.9999986 8.9999989 8.9999980 8.0503421 8.9999989 7.9836912 8.9999983 8.9999987 
Hvulgaris.XP_002167159.1                                   8.9999988 8.9999986 8.9999981 8.9999986 8.9999990 8.9999983 7.8158884 8.3945055 8.9999984 8.3048454 6.7283805 7.2549477 0.0000000 6.9663904 6.4841507 7.1860198 7.2122673 6.4271546 7.2364907 7.7070102 7.4011228 6.4330130 8.9999984 7.5509545 
Nvectensis.XP_032219950.1                                  8.9999982 8.6145277 7.8900987 6.9652475 8.9999982 8.7349553 8.7497555 6.6939350 7.5903029 6.4086450 8.9999982 8.5634904 6.9663904 0.0000000 0.1045632 5.8438652 5.0865608 5.7287578 5.2082453 6.7823535 4.9912250 5.6890489 6.1392598 6.9743967 
Nvectensis.XP_032238384.1                                  8.9999983 8.9999981 8.9999983 8.9999985 8.9999983 8.9999987 8.9999988 7.6041852 8.6746703 6.2766676 8.9999986 8.9750416 6.4841507 0.1045632 0.0000000 7.8470265 7.0295301 6.9496768 7.1972061 7.8845246 6.9316941 6.0391299 7.6833711 8.1931523 
Hsapiens.NP_001343.2_D_site-binding_protein                8.9999988 8.9999985 8.9999984 8.9999989 8.4641983 8.9999981 8.9999987 8.9999989 8.6944818 8.9999986 8.9999987 8.9999990 7.1860198 5.8438652 7.8470265 0.0000000 2.7003110 3.1916232 4.4883457 4.3374385 4.5469271 4.8275330 7.6952993 8.9999989 
Hsapiens.NP_002117.1_hepatic_leukemia_factor_isoform_1     8.9999989 8.9999990 8.9999987 8.9999982 8.7123717 8.9999982 8.9999989 8.2538921 8.9999989 8.9999985 8.9999988 8.9999986 7.2122673 5.0865608 7.0295301 2.7003110 0.0000000 1.7998238 3.1792663 3.8021539 2.9243273 3.1473466 7.4958082 8.6184615 
Hsapiens.NP_003207.1_thyrotroph_embryonic_factor_isoform_1 8.9999981 8.9999984 8.9999988 8.9999983 8.0537643 8.9999986 8.2268721 8.9999982 8.1590544 8.9999989 8.9999986 8.9999989 6.4271546 5.7287578 6.9496768 3.1916232 1.7998238 0.0000000 3.7438086 3.7485148 3.4765749 3.0334496 7.7146591 8.3934747 
Myessoensis.XP_021364925.1                                 8.9999988 8.9999982 8.9999984 8.9999985 8.8341614 8.9999984 8.9999982 8.9999990 8.9999981 8.3542710 8.9999987 8.9999980 7.2364907 5.2082453 7.1972061 4.4883457 3.1792663 3.7438086 0.0000000 3.7350807 2.9105475 3.0080908 7.6036453 8.9999985 
Bbelcheri.XP_019614533.1                                   8.9999980 8.9999982 8.9999989 8.9999986 8.9999983 8.9999988 8.9999989 8.9999984 8.9999982 8.9999985 8.9999988 8.0503421 7.7070102 6.7823535 7.8845246 4.3374385 3.8021539 3.7485148 3.7350807 0.0000000 3.0016939 3.0589714 8.0119103 8.9999982 
Bbelcheri.XP_019621754.1                                   8.9999988 8.9999986 8.9999987 8.9999982 7.7968967 8.9999981 8.9999982 7.8995009 8.9999982 8.7264088 8.9999987 8.9999989 7.4011228 4.9912250 6.9316941 4.5469271 2.9243273 3.4765749 2.9105475 3.0016939 0.0000000 2.5400149 7.9748307 8.9999985 
Aplanci.XP_022103079.1                                     8.9999989 8.9999990 8.9999984 8.9999984 8.9055253 8.7895037 7.4036120 8.5185752 7.7171325 8.9999982 8.9999983 7.9836912 6.4330130 5.6890489 6.0391299 4.8275330 3.1473466 3.0334496 3.0080908 3.0589714 2.5400149 0.0000000 8.1662088 8.4836871 
Dgigantea.XP_028401709.1                                   8.9999989 8.9999989 8.9999989 8.9999984 8.9999982 8.9999985 8.9999984 8.9999983 8.9999984 8.9999983 8.9999980 8.9999983 8.9999984 6.1392598 7.6833711 7.6952993 7.4958082 7.7146591 7.6036453 8.0119103 7.9748307 8.1662088 0.0000000 7.1285785 
Nvectensis.XP_032223208.1                                  8.9999988 8.9999986 8.9999985 8.9999981 8.9999981 8.9999990 8.9999989 8.9999986 8.9999981 8.9999984 8.9999989 8.9999987 7.5509545 6.9743967 8.1931523 8.9999989 8.6184615 8.3934747 8.9999985 8.9999982 8.9999985 8.4836871 7.1285785 0.0000000 
